1739725961717 0.0 0
1739725961733 1.0 1
1739725961750 2.0 2
1739725961767 3.0 3
1739725961785 4.0 4
1739725961801 5.0 5
1739725961818 6.0 6
1739725961833 7.0 7
1739725961847 8.0 8
1739725961861 9.0 9
1739725973032 0.0 0
1739725973054 1.0 1
1739725973074 2.0 2
1739725973095 3.0 3
1739725973116 4.0 4
1739725973136 5.0 5
1739725973156 6.0 6
1739725973182 7.0 7
1739725973206 8.0 8
1739725973229 9.0 9
1739725979954 0.0 0
1739725979976 1.0 1
1739725980003 2.0 2
1739725980025 3.0 3
1739725980057 4.0 4
1739725980080 5.0 5
1739725980102 6.0 6
1739725980124 7.0 7
1739725980147 8.0 8
1739725980168 9.0 9
