1739725961717 0.5985067486763 0
1739725961733 0.5695401430130005 1
1739725961750 0.6207473278045654 2
1739725961767 0.6852157115936279 3
1739725961785 0.6191025972366333 4
1739725961801 0.31029221415519714 5
1739725961818 0.3433481454849243 6
1739725961833 0.24391399323940277 7
1739725961847 0.38468000292778015 8
1739725961861 0.23151300847530365 9
1739725973032 0.01764908991754055 0
1739725973054 0.006708660162985325 1
1739725973074 0.0016312928637489676 2
1739725973095 0.0011132546933367848 3
1739725973116 0.0007138419896364212 4
1739725973136 0.00026317869196645916 5
1739725973156 0.00011109326442237943 6
1739725973182 6.516724533867091e-05 7
1739725973206 3.89059423469007e-05 8
1739725973229 2.7655458325170912e-05 9
1739725979954 0.5589943528175354 0
1739725979976 0.5633842349052429 1
1739725980003 0.4507841467857361 2
1739725980025 0.24058622121810913 3
1739725980057 0.25992804765701294 4
1739725980080 0.3593800365924835 5
1739725980102 0.33446556329727173 6
1739725980124 0.18182140588760376 7
1739725980147 0.22296437621116638 8
1739725980168 0.17231884598731995 9
