1739739006603 0.0 0
1739739006632 1.0 1
1739739006654 2.0 2
1739739006680 3.0 3
1739739006702 4.0 4
1739739006725 5.0 5
1739739006748 6.0 6
1739739006773 7.0 7
1739739006802 8.0 8
1739739006827 9.0 9
1739739016404 0.0 0
1739739016425 1.0 1
1739739016449 2.0 2
1739739016475 3.0 3
1739739016507 4.0 4
1739739016541 5.0 5
1739739016580 6.0 6
1739739016607 7.0 7
1739739016632 8.0 8
1739739016655 9.0 9
1739739028022 0.0 0
1739739028046 1.0 1
1739739028068 2.0 2
1739739028095 3.0 3
1739739028124 4.0 4
1739739028144 5.0 5
1739739028157 6.0 6
1739739028171 7.0 7
1739739028185 8.0 8
1739739028214 9.0 9
