1739739006603 0.6760059595108032 0
1739739006632 0.7588896155357361 1
1739739006654 0.6540427803993225 2
1739739006680 0.4718323051929474 3
1739739006702 0.5842137336730957 4
1739739006725 0.35292237997055054 5
1739739006748 0.5240044593811035 6
1739739006773 0.4120931327342987 7
1739739006802 0.4811357259750366 8
1739739006827 0.5220465660095215 9
1739739016404 0.033603258430957794 0
1739739016425 0.02131844498217106 1
1739739016449 0.007116831373423338 2
1739739016475 0.0020050788298249245 3
1739739016507 0.0008985110907815397 4
1739739016541 0.0003398675471544266 5
1739739016580 0.0001391281111864373 6
1739739016607 0.0001512019953224808 7
1739739016632 5.9280286222929135e-05 8
1739739016655 3.3000986150000244e-05 9
1739739028022 1.5208102464675903 0
1739739028046 0.5761786103248596 1
1739739028068 0.2642490565776825 2
1739739028095 0.5659233331680298 3
1739739028124 0.3359207808971405 4
1739739028144 0.12545332312583923 5
1739739028157 0.008651834912598133 6
1739739028171 0.23453007638454437 7
1739739028185 0.260931134223938 8
1739739028214 0.13942483067512512 9
