1739728184599 0.0 0
1739728184638 1.0 1
1739728184670 2.0 2
1739728184697 3.0 3
1739728184718 4.0 4
1739728184742 5.0 5
1739728184766 6.0 6
1739728184789 7.0 7
1739728184812 8.0 8
1739728184837 9.0 9
1739728195593 0.0 0
1739728195613 1.0 1
1739728195637 2.0 2
1739728195663 3.0 3
1739728195683 4.0 4
1739728195704 5.0 5
1739728195727 6.0 6
1739728195751 7.0 7
1739728195774 8.0 8
1739728195815 9.0 9
1739728210499 0.0 0
1739728210514 1.0 1
1739728210528 2.0 2
1739728210543 3.0 3
1739728210559 4.0 4
1739728210573 5.0 5
1739728210588 6.0 6
1739728210603 7.0 7
1739728210618 8.0 8
1739728210633 9.0 9
