1739728184599 0.19417104125022888 0
1739728184638 0.16762258112430573 1
1739728184670 0.10478678345680237 2
1739728184697 0.0945843756198883 3
1739728184718 0.03680174797773361 4
1739728184742 0.02508268691599369 5
1739728184766 0.011855473741889 6
1739728184789 0.008931516669690609 7
1739728184812 0.004884675610810518 8
1739728184837 0.0022949392441660166 9
1739728195593 1.471603512763977 0
1739728195613 1.0703349113464355 1
1739728195637 1.130696177482605 2
1739728195663 0.5612077116966248 3
1739728195683 0.7942653298377991 4
1739728195704 0.45228707790374756 5
1739728195727 0.6672825217247009 6
1739728195751 0.5136481523513794 7
1739728195774 0.5325794816017151 8
1739728195815 0.4472726583480835 9
1739728210499 0.35211917757987976 0
1739728210514 0.20588766038417816 1
1739728210528 0.0961613655090332 2
1739728210543 0.15600532293319702 3
1739728210559 0.19414161145687103 4
1739728210573 0.1292049139738083 5
1739728210588 0.09367675334215164 6
1739728210603 0.08305270224809647 7
1739728210618 0.0451788455247879 8
1739728210633 0.05452828109264374 9
