1739725530117 0.0 0
1739725530150 1.0 1
1739725530172 2.0 2
1739725530197 3.0 3
1739725530221 4.0 4
1739725530245 5.0 5
1739725530266 6.0 6
1739725530288 7.0 7
1739725530311 8.0 8
1739725530332 9.0 9
1739725541295 0.0 0
1739725541324 1.0 1
1739725541349 2.0 2
1739725541371 3.0 3
1739725541393 4.0 4
1739725541417 5.0 5
1739725541439 6.0 6
1739725541460 7.0 7
1739725541483 8.0 8
1739725541512 9.0 9
1739725552777 0.0 0
1739725552799 1.0 1
1739725552821 2.0 2
1739725552841 3.0 3
1739725552861 4.0 4
1739725552882 5.0 5
1739725552903 6.0 6
1739725552924 7.0 7
1739725552949 8.0 8
1739725552970 9.0 9
