1739725530117 0.6812582612037659 0
1739725530150 0.6886988878250122 1
1739725530172 0.5846194624900818 2
1739725530197 0.6431804299354553 3
1739725530221 0.6173242330551147 4
1739725530245 0.6319774985313416 5
1739725530266 0.6209477782249451 6
1739725530288 0.5180279016494751 7
1739725530311 0.5284920930862427 8
1739725530332 0.5116366744041443 9
1739725541295 0.3856816589832306 0
1739725541324 0.3546052575111389 1
1739725541349 0.30690649151802063 2
1739725541371 0.29226964712142944 3
1739725541393 0.25315314531326294 4
1739725541417 0.2450181543827057 5
1739725541439 0.1792937070131302 6
1739725541460 0.16628290712833405 7
1739725541483 0.11855591088533401 8
1739725541512 0.10226146876811981 9
1739725552777 0.000939000048674643 0
1739725552799 0.000180571703822352 1
1739725552821 0.0001300236617680639 2
1739725552841 2.6262210667482577e-05 3
1739725552861 1.359888665319886e-05 4
1739725552882 3.658797595562646e-06 5
1739725552903 2.6317693482269533e-06 6
1739725552924 3.5579125778895104e-06 7
1739725552949 7.244252628879622e-07 8
1739725552970 4.860067974732374e-07 9
