1739739257905 0.0 0
1739739257921 1.0 1
1739739257937 2.0 2
1739739257951 3.0 3
1739739257965 4.0 4
1739739257979 5.0 5
1739739257994 6.0 6
1739739258009 7.0 7
1739739258023 8.0 8
1739739258038 9.0 9
1739739303941 0.0 0
1739739303975 1.0 1
1739739304016 2.0 2
1739739304045 3.0 3
1739739304072 4.0 4
1739739304103 5.0 5
1739739304129 6.0 6
1739739304157 7.0 7
1739739304185 8.0 8
1739739304215 9.0 9
1739739346628 0.0 0
1739739346657 1.0 1
1739739346692 2.0 2
1739739346712 3.0 3
1739739346744 4.0 4
1739739346776 5.0 5
1739739346803 6.0 6
1739739346833 7.0 7
1739739346859 8.0 8
1739739346888 9.0 9
1739739395614 0.0 0
1739739395641 1.0 1
1739739395667 2.0 2
1739739395690 3.0 3
1739739395713 4.0 4
1739739395735 5.0 5
1739739395755 6.0 6
1739739395776 7.0 7
1739739395797 8.0 8
1739739395818 9.0 9
1739739443623 0.0 0
1739739443648 1.0 1
1739739443672 2.0 2
1739739443698 3.0 3
1739739443720 4.0 4
1739739443741 5.0 5
1739739443762 6.0 6
1739739443783 7.0 7
1739739443803 8.0 8
1739739443828 9.0 9
1739739490681 0.0 0
1739739490703 1.0 1
1739739490729 2.0 2
1739739490755 3.0 3
1739739490777 4.0 4
1739739490800 5.0 5
1739739490825 6.0 6
1739739490845 7.0 7
1739739490865 8.0 8
1739739490886 9.0 9
1739739575906 0.0 0
1739739575929 1.0 1
1739739575949 2.0 2
1739739575969 3.0 3
1739739575990 4.0 4
1739739576011 5.0 5
1739739576031 6.0 6
1739739576057 7.0 7
1739739576078 8.0 8
1739739576098 9.0 9
1739739652071 0.0 0
1739739652093 1.0 1
1739739652113 2.0 2
1739739652133 3.0 3
1739739652154 4.0 4
1739739652177 5.0 5
1739739652202 6.0 6
1739739652223 7.0 7
1739739652243 8.0 8
1739739652264 9.0 9
1739739730501 0.0 0
1739739730523 1.0 1
1739739730546 2.0 2
1739739730575 3.0 3
1739739730604 4.0 4
1739739730627 5.0 5
1739739730648 6.0 6
1739739730671 7.0 7
1739739730695 8.0 8
1739739730717 9.0 9
1739739787910 0.0 0
1739739787939 1.0 1
1739739787966 2.0 2
1739739787998 3.0 3
1739739788025 4.0 4
1739739788052 5.0 5
1739739788087 6.0 6
1739739788110 7.0 7
1739739788130 8.0 8
1739739788150 9.0 9
