1739739257905 1.0126047134399414 0
1739739257921 0.614751935005188 1
1739739257937 0.56806480884552 2
1739739257951 0.39274120330810547 3
1739739257965 0.28258779644966125 4
1739739257979 0.36408472061157227 5
1739739257994 0.2805005609989166 6
1739739258009 0.23598287999629974 7
1739739258023 0.179068461060524 8
1739739258038 0.09550844132900238 9
1739739303941 0.04622173681855202 0
1739739303975 0.008023366332054138 1
1739739304016 0.0018498250283300877 2
1739739304045 0.0003198508347850293 3
1739739304072 0.0001490496943006292 4
1739739304103 2.2712918507750146e-05 5
1739739304129 1.4047933291294612e-05 6
1739739304157 2.0082113678654423e-06 7
1739739304185 2.6134248400921933e-06 8
1739739304215 2.521719579817727e-06 9
1739739346628 0.27869996428489685 0
1739739346657 0.2583213150501251 1
1739739346692 0.12125709652900696 2
1739739346712 0.08565227687358856 3
1739739346744 0.10975588113069534 4
1739739346776 0.04353506118059158 5
1739739346803 0.04083358868956566 6
1739739346833 0.015741560608148575 7
1739739346859 0.0178708266466856 8
1739739346888 0.012055659666657448 9
1739739395614 0.008696557953953743 0
1739739395641 0.0025357219856232405 1
1739739395667 0.000717884860932827 2
1739739395690 0.00028345728060230613 3
1739739395713 7.074158202158287e-05 4
1739739395735 3.1314521038439125e-05 5
1739739395755 1.2975347999599762e-05 6
1739739395776 1.6092437363113277e-05 7
1739739395797 3.888046649080934e-06 8
1739739395818 4.575786533678183e-06 9
1739739443623 0.0036352279130369425 0
1739739443648 0.001178287435323 1
1739739443672 0.00021158214076422155 2
1739739443698 0.00010093181481352076 3
1739739443720 2.471231528033968e-05 4
1739739443741 6.272187420108821e-06 5
1739739443762 5.034276910009794e-06 6
1739739443783 2.5767485567484982e-06 7
1739739443803 5.868762400496053e-07 8
1739739443828 4.493269045724446e-07 9
1739739490681 0.33348530530929565 0
1739739490703 0.45562174916267395 1
1739739490729 0.18139825761318207 2
1739739490755 0.106328085064888 3
1739739490777 0.1392957866191864 4
1739739490800 0.08961793780326843 5
1739739490825 0.07387537509202957 6
1739739490845 0.06026551499962807 7
1739739490865 0.05285767465829849 8
1739739490886 0.03312373906373978 9
1739739575906 7.890226697782055e-05 0
1739739575929 0.518436074256897 1
1739739575949 0.2814910411834717 2
1739739575969 0.18093585968017578 3
1739739575990 0.1717601716518402 4
1739739576011 0.24930742383003235 5
1739739576031 0.21045568585395813 6
1739739576057 0.1740541160106659 7
1739739576078 0.08171188831329346 8
1739739576098 0.04998902976512909 9
1739739652071 0.1372152417898178 0
1739739652093 0.18384899199008942 1
1739739652113 0.33867767453193665 2
1739739652133 0.10549918562173843 3
1739739652154 0.19652125239372253 4
1739739652177 0.22690492868423462 5
1739739652202 0.20415045320987701 6
1739739652223 0.15017551183700562 7
1739739652243 0.13506120443344116 8
1739739652264 0.12873715162277222 9
1739739730501 0.32395702600479126 0
1739739730523 0.2928011119365692 1
1739739730546 0.20804661512374878 2
1739739730575 0.1966165453195572 3
1739739730604 0.30582135915756226 4
1739739730627 0.11843979358673096 5
1739739730648 0.34659215807914734 6
1739739730671 0.05736929550766945 7
1739739730695 0.11060634255409241 8
1739739730717 0.21948140859603882 9
1739739787910 4.318932769820094e-05 0
1739739787939 1.3818993465974927e-05 1
1739739787966 3.337850785101182e-06 2
1739739787998 1.5130394785956014e-06 3
1739739788025 5.135168521519518e-07 4
1739739788052 4.4932704668099177e-07 5
1739739788087 1.6505899225194298e-07 6
1739739788110 8.252949612597149e-08 7
1739739788130 1.8339889606977522e-08 8
1739739788150 1.8339889606977522e-08 9
